Product: 1.00003
Time: 0.02115
