Product: 1.00003
Time: 0.03575
