Distance: 0.10868
Time: 0.42825
